2005 ; 001 ; 8 ; 72 ; -59.440000 ; 62.220000 ; 5.540000 ; 0.112500 ; 0.202100 ; 0.057000 ; 0.099100 ; 0.274800 ; 0.278600 ; 0.220300 
2005 ; 009 ; 10 ; 72 ; -57.710000 ; 62.900000 ; 27.700000 ; 0.107100 ; 0.199900 ; 0.055400 ; 0.097200 ; 0.253600 ; 0.289800 ; 0.212300 
2005 ; 017 ; 17 ; 72 ; -58.080000 ; 61.460000 ; 17.230000 ; 0.100000 ; 0.206700 ; 0.053000 ; 0.090800 ; 0.252400 ; 0.277200 ; 0.192800 
2005 ; 025 ; 31 ; 72 ; 123.320000 ; 57.580000 ; 6.100000 ; 0.105500 ; 0.207100 ; 0.054200 ; 0.093500 ; 0.255300 ; 0.275000 ; 0.197500 
2005 ; 033 ; 40 ; 72 ; -51.300000 ; 55.540000 ; 6.010000 ; 0.085500 ; 0.197000 ; 0.044300 ; 0.079700 ; 0.255500 ; 0.234800 ; 0.157200 
2005 ; 041 ; 47 ; 72 ; 122.770000 ; 52.830000 ; 5.650000 ; 0.077200 ; 0.197400 ; 0.040400 ; 0.075300 ; 0.256500 ; 0.230400 ; 0.163600 
2005 ; 049 ; 56 ; 72 ; -48.600000 ; 50.210000 ; 6.380000 ; 0.114100 ; 0.231100 ; 0.055100 ; 0.098900 ; 0.294700 ; 0.290000 ; 0.222900 
2005 ; 057 ; 57 ; 72 ; 119.790000 ; 46.910000 ; 55.610000 ; 0.076000 ; 0.169100 ; 0.036800 ; 0.065900 ; 0.225400 ; 0.219000 ; 0.159000 
2005 ; 065 ; 72 ; 136 ; -51.550000 ; 44.120000 ; 5.900000 ; 0.101100 ; 0.235100 ; 0.052700 ; 0.094700 ; 0.282600 ; 0.245000 ; 0.172200 
2005 ; 073 ; 74 ; 136 ; -49.340000 ; 44.580000 ; 27.870000 ; 0.123300 ; 0.284800 ; 0.065000 ; 0.118300 ; 0.348200 ; 0.314600 ; 0.226500 
2005 ; 081 ; 88 ; 8206 ; -44.810000 ; 37.840000 ; 5.560000 ; 0.110900 ; 0.308800 ; 0.067300 ; 0.111000 ; 0.334100 ; 0.289000 ; 0.189000 
2005 ; 081 ; 88 ; 8206 ; -44.810000 ; 37.840000 ; 5.560000 ; 0.110900 ; 0.308800 ; 0.067300 ; 0.111000 ; 0.334100 ; 0.289000 ; 0.189000 
2005 ; 089 ; 95 ; 72 ; 129.360000 ; 34.550000 ; 6.470000 ; 0.094700 ; 0.269000 ; 0.050300 ; 0.093600 ; 0.308500 ; 0.268300 ; 0.191600 
2005 ; 097 ; 104 ; 72 ; -41.020000 ; 31.900000 ; 5.390000 ; 0.109300 ; 0.250400 ; 0.056000 ; 0.098300 ; 0.325900 ; 0.293000 ; 0.210500 
2005 ; 105 ; 111 ; 72 ; 132.140000 ; 28.870000 ; 6.650000 ; 0.128300 ; 0.250900 ; 0.064000 ; 0.108300 ; 0.328800 ; 0.310500 ; 0.242000 
2005 ; 113 ; 120 ; 72 ; -36.300000 ; 26.830000 ; 5.400000 ; 0.163900 ; 0.250400 ; 0.080400 ; 0.131200 ; 0.328000 ; 0.348000 ; 0.269900 
2005 ; 121 ; 127 ; 72 ; 131.450000 ; 24.260000 ; 6.580000 ; 0.165500 ; 0.250000 ; 0.083900 ; 0.133200 ; 0.317800 ; 0.329200 ; 0.253600 
2005 ; 129 ; 129 ; 72 ; -36.210000 ; 25.330000 ; 17.060000 ; 0.213300 ; 0.324800 ; 0.101700 ; 0.166200 ; 0.415700 ; 0.415700 ; 0.318300 
2005 ; 137 ; 143 ; 72 ; 139.750000 ; 21.120000 ; 6.290000 ; 0.167800 ; 0.248000 ; 0.074500 ; 0.127900 ; 0.338400 ; 0.353600 ; 0.276300 
2005 ; 145 ; 152 ; 73 ; -31.640000 ; 20.980000 ; 5.990000 ; 0.178100 ; 0.257000 ; 0.088200 ; 0.140300 ; 0.333100 ; 0.360100 ; 0.273100 
2005 ; 153 ; 159 ; 72 ; 145.580000 ; 19.680000 ; 5.740000 ; 0.208000 ; 0.295200 ; 0.097800 ; 0.162400 ; 0.375700 ; 0.400100 ; 0.313600 
2005 ; 161 ; 168 ; 72 ; -23.400000 ; 20.480000 ; 6.020000 ; 0.222200 ; 0.310500 ; 0.103600 ; 0.170100 ; 0.414000 ; 0.431300 ; 0.343900 
2005 ; 161 ; 168 ; 72 ; -23.400000 ; 20.480000 ; 6.020000 ; 0.222200 ; 0.310500 ; 0.103600 ; 0.170100 ; 0.414000 ; 0.431300 ; 0.343900 
2005 ; 169 ; 175 ; 72 ; 146.710000 ; 19.750000 ; 6.110000 ; 0.216900 ; 0.300300 ; 0.104100 ; 0.168300 ; 0.378300 ; 0.389800 ; 0.298800 
2005 ; 177 ; 184 ; 72 ; -21.600000 ; 21.310000 ; 5.760000 ; 0.235400 ; 0.319300 ; 0.109300 ; 0.183000 ; 0.388700 ; 0.418100 ; 0.326200 
2005 ; 185 ; 191 ; 72 ; 149.300000 ; 21.110000 ; 6.280000 ; 0.193800 ; 0.262200 ; 0.095900 ; 0.153600 ; 0.335000 ; 0.379300 ; 0.299100 
2005 ; 193 ; 200 ; 72 ; -27.000000 ; 23.230000 ; 5.550000 ; 0.176600 ; 0.239400 ; 0.087500 ; 0.141800 ; 0.339700 ; 0.386100 ; 0.330000 
2005 ; 201 ; 207 ; 72 ; 143.640000 ; 23.500000 ; 6.380000 ; 0.151200 ; 0.204600 ; 0.080000 ; 0.124300 ; 0.294000 ; 0.333000 ; 0.285700 
2005 ; 209 ; 216 ; 72 ; -34.280000 ; 26.090000 ; 5.550000 ; 0.195600 ; 0.265100 ; 0.093800 ; 0.155700 ; 0.343800 ; 0.399800 ; 0.344700 
2005 ; 217 ; 218 ; 72 ; -32.700000 ; 28.250000 ; 27.690000 ; 0.208000 ; 0.275400 ; 0.107800 ; 0.170300 ; 0.368400 ; 0.414300 ; 0.362600 
2005 ; 225 ; 232 ; 72 ; -43.710000 ; 29.820000 ; 5.630000 ; 0.159600 ; 0.213600 ; 0.081700 ; 0.130900 ; 0.311100 ; 0.352600 ; 0.301700 
2005 ; 233 ; 239 ; 72 ; 130.110000 ; 31.060000 ; 6.290000 ; 0.151800 ; 0.206200 ; 0.075600 ; 0.123000 ; 0.293000 ; 0.331800 ; 0.282900 
2005 ; 241 ; 241 ; 72 ; -42.950000 ; 32.980000 ; 17.330000 ; 0.174200 ; 0.233400 ; 0.090100 ; 0.143100 ; 0.322900 ; 0.374600 ; 0.320700 
2005 ; 241 ; 241 ; 72 ; -42.950000 ; 32.980000 ; 17.330000 ; 0.174200 ; 0.233400 ; 0.090100 ; 0.143100 ; 0.322900 ; 0.374600 ; 0.320700 
2005 ; 249 ; 255 ; 72 ; 122.080000 ; 36.030000 ; 6.030000 ; 0.159400 ; 0.219900 ; 0.074200 ; 0.125100 ; 0.292500 ; 0.344300 ; 0.300200 
2005 ; 257 ; 264 ; 72 ; -50.060000 ; 39.540000 ; 5.840000 ; 0.152300 ; 0.210200 ; 0.075500 ; 0.123100 ; 0.264600 ; 0.342900 ; 0.297800 
2005 ; 265 ; 271 ; 72 ; 117.890000 ; 41.490000 ; 6.290000 ; 0.129700 ; 0.176300 ; 0.066200 ; 0.106400 ; 0.259100 ; 0.298800 ; 0.254600 
2005 ; 273 ; 273 ; 72 ; -55.450000 ; 43.100000 ; 17.240000 ; 0.175100 ; 0.237300 ; 0.093400 ; 0.144400 ; 0.319500 ; 0.368800 ; 0.305800 
2005 ; 281 ; 281 ; 8204 ; 110.960000 ; 43.590000 ; 55.930000 ; 0.127800 ; 0.173700 ; 0.071100 ; 0.104400 ; 0.230100 ; 0.272100 ; 0.209200 
2005 ; 289 ; 296 ; 72 ; -61.190000 ; 50.530000 ; 5.180000 ; 0.179300 ; 0.242300 ; 0.109300 ; 0.155200 ; 0.330600 ; 0.336600 ; 0.236300 
2005 ; 297 ; 298 ; 74 ; -60.460000 ; 51.960000 ; 27.320000 ; 0.187600 ; 0.270200 ; 0.095300 ; 0.154900 ; 0.325100 ; 0.425000 ; 0.351900 
2005 ; 305 ; 312 ; 74 ; -66.950000 ; 55.520000 ; 4.830000 ; 0.155000 ; 0.233800 ; 0.080000 ; 0.131000 ; 0.316700 ; 0.368000 ; 0.306300 
2005 ; 313 ; 314 ; 74 ; -62.160000 ; 56.790000 ; 27.050000 ; 0.183200 ; 0.275700 ; 0.092400 ; 0.154800 ; 0.382300 ; 0.410200 ; 0.357800 
2005 ; 321 ; 328 ; 72 ; -56.950000 ; 59.510000 ; 4.500000 ; 0.107300 ; 0.160500 ; 0.054500 ; 0.090000 ; 0.244100 ; 0.276700 ; 0.242300 
2005 ; 321 ; 328 ; 72 ; -56.950000 ; 59.510000 ; 4.500000 ; 0.107300 ; 0.160500 ; 0.054500 ; 0.090000 ; 0.244100 ; 0.276700 ; 0.242300 
2005 ; 329 ; 330 ; 72 ; -63.600000 ; 60.630000 ; 26.850000 ; 0.148100 ; 0.237000 ; 0.068300 ; 0.121800 ; 0.337700 ; 0.351400 ; 0.304500 
2005 ; 337 ; 344 ; 72 ; -58.330000 ; 62.120000 ; 4.570000 ; 0.107600 ; 0.159600 ; 0.057700 ; 0.092200 ; 0.238900 ; 0.285400 ; 0.226600 
2005 ; 345 ; 351 ; 72 ; 112.550000 ; 62.380000 ; 7.010000 ; 0.120100 ; 0.174000 ; 0.060400 ; 0.100900 ; 0.244200 ; 0.296800 ; 0.244500 
2005 ; 353 ; 355 ; 72 ; -61.210000 ; 64.130000 ; 36.580000 ; 0.161800 ; 0.252600 ; 0.075600 ; 0.135600 ; 0.342600 ; 0.378500 ; 0.317700 
2005 ; 361 ; 2 ; 72 ; 118.350000 ; 62.390000 ; 6.100000 ; 0.112900 ; 0.189300 ; 0.052200 ; 0.094900 ; 0.267800 ; 0.282800 ; 0.223600 
2006 ; 001 ; 2 ; 72 ; 118.350000 ; 62.390000 ; 6.100000 ; 0.112900 ; 0.189300 ; 0.052200 ; 0.094900 ; 0.267800 ; 0.282800 ; 0.223600 
2006 ; 009 ; 11 ; 72 ; -55.740000 ; 61.970000 ; 6.380000 ; 0.108000 ; 0.199600 ; 0.052600 ; 0.095200 ; 0.272700 ; 0.271400 ; 0.206600 
2006 ; 017 ; 18 ; 72 ; 115.740000 ; 60.520000 ; 5.210000 ; 0.075900 ; 0.152200 ; 0.040500 ; 0.070400 ; 0.205900 ; 0.207600 ; 0.127200 
2006 ; 025 ; 25 ; 136 ; 120.090000 ; 58.710000 ; 16.790000 ; 0.100600 ; 0.209600 ; 0.052800 ; 0.093400 ; 0.267000 ; 0.253300 ; 0.186500 
2006 ; 033 ; 37 ; 136 ; 119.360000 ; 54.140000 ; 50.290000 ; 0.092900 ; 0.192200 ; 0.045100 ; 0.084800 ; 0.236400 ; 0.234100 ; 0.156600 
2006 ; 041 ; 45 ; 200 ; -52.390000 ; 55.190000 ; 28.250000 ; 0.109500 ; 0.267000 ; 0.056000 ; 0.107300 ; 0.325200 ; 0.320900 ; 0.224700 
2006 ; 049 ; 55 ; 72 ; 122.900000 ; 48.780000 ; 36.600000 ; 0.099000 ; 0.237500 ; 0.044500 ; 0.088000 ; 0.291900 ; 0.257600 ; 0.171500 
2006 ; 057 ; 61 ; 200 ; -51.020000 ; 49.640000 ; 28.060000 ; 0.112100 ; 0.333900 ; 0.047300 ; 0.103400 ; 0.354500 ; 0.313000 ; 0.206000 
2006 ; 065 ; 66 ; 72 ; 124.200000 ; 46.000000 ; 6.010000 ; 0.118800 ; 0.249800 ; 0.055300 ; 0.103200 ; 0.308600 ; 0.300900 ; 0.220800 
2006 ; 073 ; 73 ; 72 ; 126.070000 ; 42.740000 ; 17.610000 ; 0.083800 ; 0.226200 ; 0.038100 ; 0.074200 ; 0.290400 ; 0.258600 ; 0.205800 
2006 ; 081 ; 87 ; 72 ; 123.880000 ; 36.220000 ; 36.880000 ; 0.148700 ; 0.312400 ; 0.067100 ; 0.125400 ; 0.357500 ; 0.339000 ; 0.292200 
2006 ; 081 ; 87 ; 72 ; 123.880000 ; 36.220000 ; 36.880000 ; 0.148700 ; 0.312400 ; 0.067100 ; 0.125400 ; 0.357500 ; 0.339000 ; 0.292200 
2006 ; 089 ; 94 ; 136 ; 123.060000 ; 33.060000 ; 44.400000 ; 0.111400 ; 0.302300 ; 0.054400 ; 0.101800 ; 0.306100 ; 0.279700 ; 0.215800 
2006 ; 097 ; 98 ; 72 ; 129.800000 ; 33.530000 ; 6.280000 ; 0.092000 ; 0.276700 ; 0.042700 ; 0.084900 ; 0.306800 ; 0.250900 ; 0.174600 
2006 ; 105 ; 109 ; 72 ; -42.330000 ; 31.760000 ; 27.770000 ; 0.109800 ; 0.335500 ; 0.052200 ; 0.106300 ; 0.374700 ; 0.311300 ; 0.235100 
2006 ; 113 ; 116 ; 136 ; -41.090000 ; 28.820000 ; 17.320000 ; 0.110900 ; 0.340000 ; 0.057700 ; 0.110400 ; 0.349000 ; 0.298800 ; 0.211200 
2006 ; 121 ; 121 ; 72 ; 132.280000 ; 25.270000 ; 17.620000 ; 0.079800 ; 0.273900 ; 0.044600 ; 0.085100 ; 0.297900 ; 0.239700 ; 0.148100 
2006 ; 129 ; 130 ; 72 ; 131.870000 ; 23.620000 ; 6.050000 ; 0.104000 ; 0.307000 ; 0.053600 ; 0.101600 ; 0.344000 ; 0.271200 ; 0.175600 
2006 ; 137 ; 139 ; 72 ; -34.420000 ; 22.620000 ; 6.090000 ; 0.095500 ; 0.399600 ; 0.050600 ; 0.102900 ; 0.388600 ; 0.293100 ; 0.156800 
2006 ; 145 ; 148 ; 72 ; -30.980000 ; 22.270000 ; 17.690000 ; 0.138300 ; 0.329400 ; 0.076600 ; 0.128600 ; 0.359200 ; 0.301200 ; 0.186000 
2006 ; 153 ; 155 ; 72 ; -31.690000 ; 20.760000 ; 5.990000 ; 0.146600 ; 0.286200 ; 0.064500 ; 0.117200 ; 0.344300 ; 0.318600 ; 0.203400 
2006 ; 161 ; 162 ; 72 ; 143.680000 ; 19.540000 ; 6.120000 ; 0.126500 ; 0.251800 ; 0.061900 ; 0.107500 ; 0.302200 ; 0.277400 ; 0.188100 
2006 ; 161 ; 162 ; 72 ; 143.680000 ; 19.540000 ; 6.120000 ; 0.126500 ; 0.251800 ; 0.061900 ; 0.107500 ; 0.302200 ; 0.277400 ; 0.188100 
2006 ; 169 ; 171 ; 72 ; -26.530000 ; 20.480000 ; 5.720000 ; 0.166200 ; 0.298100 ; 0.080900 ; 0.136800 ; 0.367600 ; 0.340500 ; 0.237500 
2006 ; 177 ; 180 ; 72 ; -23.900000 ; 21.910000 ; 17.240000 ; 0.209900 ; 0.358700 ; 0.094200 ; 0.167800 ; 0.454700 ; 0.424100 ; 0.308400 
2006 ; 185 ; 192 ; 72 ; 144.800000 ; 19.430000 ; 28.170000 ; 0.167600 ; 0.253400 ; 0.089100 ; 0.133700 ; 0.340000 ; 0.322900 ; 0.219800 
2006 ; 193 ; 194 ; 72 ; 147.020000 ; 21.410000 ; 6.380000 ; 0.157800 ; 0.241300 ; 0.076600 ; 0.125300 ; 0.334300 ; 0.332600 ; 0.243300 
2006 ; 201 ; 203 ; 72 ; -28.860000 ; 23.610000 ; 5.550000 ; 0.190500 ; 0.292300 ; 0.082400 ; 0.145100 ; 0.399700 ; 0.404500 ; 0.296000 
2006 ; 209 ; 210 ; 72 ; 138.560000 ; 23.960000 ; 6.500000 ; 0.157800 ; 0.234500 ; 0.075600 ; 0.124100 ; 0.341700 ; 0.347900 ; 0.265000 
2006 ; 217 ; 219 ; 73 ; -38.330000 ; 26.620000 ; 5.540000 ; 0.188800 ; 0.285200 ; 0.096600 ; 0.148600 ; 0.411300 ; 0.406500 ; 0.304000 
2006 ; 225 ; 226 ; 72 ; 136.270000 ; 27.460000 ; 6.370000 ; 0.182200 ; 0.270800 ; 0.088400 ; 0.142400 ; 0.366300 ; 0.388100 ; 0.297900 
2006 ; 233 ; 233 ; 72 ; 133.150000 ; 28.610000 ; 17.800000 ; 0.164400 ; 0.241600 ; 0.080400 ; 0.128400 ; 0.361900 ; 0.378000 ; 0.308000 
2006 ; 241 ; 242 ; 72 ; 125.410000 ; 31.830000 ; 6.220000 ; 0.158100 ; 0.231500 ; 0.078900 ; 0.125400 ; 0.341800 ; 0.362200 ; 0.288800 
2006 ; 241 ; 242 ; 72 ; 125.410000 ; 31.830000 ; 6.220000 ; 0.158100 ; 0.231500 ; 0.078900 ; 0.125400 ; 0.341800 ; 0.362200 ; 0.288800 
2006 ; 249 ; 251 ; 72 ; -49.000000 ; 35.180000 ; 5.810000 ; 0.188200 ; 0.267400 ; 0.095500 ; 0.150900 ; 0.353800 ; 0.398200 ; 0.329500 
2006 ; 257 ; 258 ; 72 ; 122.650000 ; 36.900000 ; 6.110000 ; 0.190900 ; 0.273700 ; 0.097100 ; 0.155300 ; 0.386700 ; 0.414000 ; 0.344500 
2006 ; 265 ; 265 ; 72 ; 121.490000 ; 38.850000 ; 17.430000 ; 0.116500 ; 0.172500 ; 0.058800 ; 0.094400 ; 0.273000 ; 0.252900 ; 0.155500 
2006 ; 273 ; 274 ; 72 ; 119.380000 ; 42.440000 ; 5.830000 ; 0.156400 ; 0.225000 ; 0.076300 ; 0.126100 ; 0.320100 ; 0.354200 ; 0.302400 
2006 ; 281 ; 281 ; 72 ; 117.710000 ; 44.570000 ; 17.160000 ; 0.098500 ; 0.145600 ; 0.049000 ; 0.080300 ; 0.229500 ; 0.271300 ; 0.233500 
2006 ; 289 ; 291 ; 204 ; 109.330000 ; 47.140000 ; 60.000000 ; 0.105300 ; 0.167400 ; 0.058500 ; 0.089600 ; 0.233100 ; 0.212000 ; 0.122400 
2006 ; 297 ; 304 ; 72 ; 113.310000 ; 52.210000 ; 27.710000 ; 0.168200 ; 0.241100 ; 0.086300 ; 0.140900 ; 0.318600 ; 0.370800 ; 0.308800 
2006 ; 305 ; 312 ; 138 ; -61.110000 ; 57.450000 ; 51.090000 ; 0.132600 ; 0.226500 ; 0.063200 ; 0.117500 ; 0.313700 ; 0.288600 ; 0.166700 
2006 ; 313 ; 315 ; 74 ; -58.760000 ; 56.260000 ; 5.760000 ; 0.153500 ; 0.232800 ; 0.074800 ; 0.130600 ; 0.332100 ; 0.353800 ; 0.306400 
2006 ; 321 ; 324 ; 74 ; -65.100000 ; 58.890000 ; 17.420000 ; 0.159000 ; 0.241300 ; 0.083300 ; 0.136000 ; 0.320000 ; 0.349600 ; 0.262600 
2006 ; 321 ; 324 ; 74 ; -65.100000 ; 58.890000 ; 17.420000 ; 0.159000 ; 0.241300 ; 0.083300 ; 0.136000 ; 0.320000 ; 0.349600 ; 0.262600 
2006 ; 329 ; 333 ; 72 ; -63.080000 ; 61.140000 ; 28.150000 ; 0.116400 ; 0.186300 ; 0.055900 ; 0.098900 ; 0.271500 ; 0.276000 ; 0.195300 
2006 ; 337 ; 338 ; 72 ; 113.870000 ; 60.970000 ; 5.740000 ; 0.121200 ; 0.189000 ; 0.059700 ; 0.103500 ; 0.239200 ; 0.242600 ; 0.136500 
2006 ; 345 ; 347 ; 72 ; -63.930000 ; 62.360000 ; 6.090000 ; 0.138000 ; 0.222400 ; 0.069900 ; 0.119800 ; 0.288000 ; 0.331100 ; 0.257400 
2006 ; 353 ; 354 ; 72 ; 112.000000 ; 62.480000 ; 6.030000 ; 0.102400 ; 0.195900 ; 0.055400 ; 0.095200 ; 0.260600 ; 0.283200 ; 0.207700 
2006 ; 361 ; 363 ; 72 ; -56.700000 ; 62.880000 ; 5.840000 ; 0.088000 ; 0.218700 ; 0.045100 ; 0.090700 ; 0.284700 ; 0.269200 ; 0.194000 
2007 ; 001 ; 5 ; 72 ; 117.610000 ; 62.120000 ; 6.280000 ; 0.103700 ; 0.245100 ; 0.055200 ; 0.101000 ; 0.291300 ; 0.287300 ; 0.196000 
2007 ; 009 ; 12 ; 72 ; 117.640000 ; 60.990000 ; 17.890000 ; 0.087800 ; 0.246600 ; 0.041400 ; 0.088500 ; 0.299200 ; 0.258900 ; 0.186800 
2007 ; 017 ; 19 ; 72 ; 118.590000 ; 59.520000 ; 28.170000 ; 0.099300 ; 0.237100 ; 0.048000 ; 0.092600 ; 0.286300 ; 0.270400 ; 0.211100 
2007 ; 025 ; 27 ; 8206 ; -54.430000 ; 61.760000 ; 50.880000 ; 0.100700 ; 0.336100 ; 0.051800 ; 0.110900 ; 0.346800 ; 0.287900 ; 0.154200 
2007 ; 033 ; 40 ; 1034 ; 119.240000 ; 53.240000 ; 50.800000 ; 0.059600 ; 0.327400 ; 0.030800 ; 0.073000 ; 0.291300 ; 0.220100 ; 0.101700 
2007 ; 041 ; 47 ; 136 ; 118.660000 ; 50.640000 ; 56.030000 ; 0.076500 ; 0.289400 ; 0.039000 ; 0.077900 ; 0.296900 ; 0.254800 ; 0.175900 
2007 ; 049 ; 55 ; 72 ; -52.760000 ; 51.180000 ; 16.860000 ; 0.073200 ; 0.351900 ; 0.038200 ; 0.089100 ; 0.321800 ; 0.234100 ; 0.122600 
2007 ; 057 ; 62 ; 72 ; -54.070000 ; 48.050000 ; 5.270000 ; 0.050000 ; 0.387800 ; 0.028700 ; 0.068000 ; 0.316800 ; 0.222500 ; 0.129500 
2007 ; 065 ; 69 ; 72 ; 124.420000 ; 44.830000 ; 6.740000 ; 0.037500 ; 0.434300 ; 0.021000 ; 0.059800 ; 0.364800 ; 0.208300 ; 0.110600 
2007 ; 073 ; 76 ; 136 ; 125.400000 ; 41.550000 ; 18.160000 ; 0.057300 ; 0.389300 ; 0.031000 ; 0.070300 ; 0.339100 ; 0.219300 ; 0.132200 
2007 ; 081 ; 83 ; 72 ; 125.570000 ; 38.280000 ; 28.350000 ; 0.058700 ; 0.406800 ; 0.031500 ; 0.071500 ; 0.323200 ; 0.226500 ; 0.136000 
2007 ; 081 ; 83 ; 72 ; 125.570000 ; 38.280000 ; 28.350000 ; 0.058700 ; 0.406800 ; 0.031500 ; 0.071500 ; 0.323200 ; 0.226500 ; 0.136000 
2007 ; 089 ; 89 ; 136 ; -45.410000 ; 39.590000 ; 36.670000 ; 0.070100 ; 0.446400 ; 0.037200 ; 0.087100 ; 0.378500 ; 0.257000 ; 0.154900 
2007 ; 097 ; 98 ; 72 ; -42.780000 ; 37.060000 ; 44.470000 ; 0.077500 ; 0.441600 ; 0.038900 ; 0.094100 ; 0.396500 ; 0.259500 ; 0.154300 
2007 ; 105 ; 105 ; 72 ; -42.720000 ; 33.850000 ; 36.770000 ; 0.074800 ; 0.422400 ; 0.044400 ; 0.089500 ; 0.379800 ; 0.255200 ; 0.159100 
2007 ; 113 ; 119 ; 72 ; -41.540000 ; 27.940000 ; 17.320000 ; 0.104400 ; 0.342000 ; 0.051400 ; 0.102100 ; 0.337700 ; 0.273900 ; 0.182300 
2007 ; 121 ; 126 ; 72 ; -35.440000 ; 25.300000 ; 5.840000 ; 0.106300 ; 0.302200 ; 0.054300 ; 0.106000 ; 0.308600 ; 0.232700 ; 0.123400 
2007 ; 129 ; 135 ; 72 ; -37.000000 ; 24.150000 ; 17.680000 ; 0.171500 ; 0.371300 ; 0.078700 ; 0.147900 ; 0.417400 ; 0.337400 ; 0.230800 
2007 ; 137 ; 138 ; 72 ; 131.390000 ; 19.930000 ; 36.600000 ; 0.136200 ; 0.315000 ; 0.062000 ; 0.110800 ; 0.454700 ; 0.276900 ; 0.165600 
2007 ; 145 ; 149 ; 72 ; 141.170000 ; 20.360000 ; 5.840000 ; 0.139200 ; 0.278200 ; 0.058100 ; 0.109300 ; 0.344300 ; 0.300200 ; 0.178600 
2007 ; 153 ; 156 ; 72 ; 142.320000 ; 18.920000 ; 17.440000 ; 0.140200 ; 0.305300 ; 0.061200 ; 0.109800 ; 0.348200 ; 0.299200 ; 0.166400 
2007 ; 161 ; 163 ; 72 ; 142.270000 ; 17.790000 ; 27.900000 ; 0.138100 ; 0.320100 ; 0.063200 ; 0.112000 ; 0.347500 ; 0.297000 ; 0.171700 
2007 ; 161 ; 163 ; 72 ; 142.270000 ; 17.790000 ; 27.900000 ; 0.138100 ; 0.320100 ; 0.063200 ; 0.112000 ; 0.347500 ; 0.297000 ; 0.171700 
2007 ; 169 ; 174 ; 72 ; -28.270000 ; 20.520000 ; 5.720000 ; 0.199500 ; 0.356500 ; 0.088200 ; 0.154500 ; 0.410600 ; 0.398600 ; 0.246400 
2007 ; 177 ; 181 ; 72 ; 147.430000 ; 19.980000 ; 6.380000 ; 0.198800 ; 0.327400 ; 0.088300 ; 0.151600 ; 0.419500 ; 0.396800 ; 0.271100 
2007 ; 185 ; 190 ; 72 ; -30.800000 ; 21.740000 ; 5.360000 ; 0.231100 ; 0.362100 ; 0.100900 ; 0.172900 ; 0.462500 ; 0.439300 ; 0.296400 
2007 ; 193 ; 197 ; 72 ; 148.630000 ; 21.710000 ; 6.650000 ; 0.208800 ; 0.331900 ; 0.091900 ; 0.158000 ; 0.409000 ; 0.403200 ; 0.262000 
2007 ; 201 ; 204 ; 72 ; 142.130000 ; 21.940000 ; 18.260000 ; 0.210100 ; 0.320500 ; 0.094300 ; 0.157200 ; 0.414600 ; 0.392800 ; 0.270100 
2007 ; 209 ; 213 ; 72 ; 139.930000 ; 24.430000 ; 6.920000 ; 0.206400 ; 0.318700 ; 0.095500 ; 0.155600 ; 0.424900 ; 0.403900 ; 0.269900 
2007 ; 217 ; 220 ; 72 ; 138.550000 ; 25.180000 ; 18.340000 ; 0.200800 ; 0.322400 ; 0.087800 ; 0.147700 ; 0.429700 ; 0.398600 ; 0.252900 
2007 ; 225 ; 229 ; 72 ; 132.120000 ; 28.090000 ; 7.030000 ; 0.226700 ; 0.352800 ; 0.100400 ; 0.166400 ; 0.441800 ; 0.432500 ; 0.283700 
2007 ; 233 ; 238 ; 72 ; -45.530000 ; 31.190000 ; 4.910000 ; 0.236300 ; 0.356400 ; 0.114200 ; 0.179500 ; 0.426700 ; 0.429200 ; 0.286000 
2007 ; 241 ; 245 ; 72 ; 127.750000 ; 32.590000 ; 7.100000 ; 0.211800 ; 0.330300 ; 0.095900 ; 0.157600 ; 0.415200 ; 0.409600 ; 0.278900 
2007 ; 241 ; 245 ; 72 ; 127.750000 ; 32.590000 ; 7.100000 ; 0.211800 ; 0.330300 ; 0.095900 ; 0.157600 ; 0.415200 ; 0.409600 ; 0.278900 
2007 ; 249 ; 249 ; 72 ; -44.890000 ; 36.420000 ; 36.300000 ; 0.258600 ; 0.374400 ; 0.130700 ; 0.202300 ; 0.451000 ; 0.448600 ; 0.309900 
2007 ; 257 ; 263 ; 72 ; -51.690000 ; 39.480000 ; 16.420000 ; 0.187500 ; 0.276300 ; 0.098100 ; 0.151800 ; 0.355700 ; 0.394400 ; 0.297000 
2007 ; 265 ; 270 ; 72 ; -57.490000 ; 41.340000 ; 4.820000 ; 0.170400 ; 0.258400 ; 0.090600 ; 0.138400 ; 0.343900 ; 0.399300 ; 0.301400 
2007 ; 273 ; 279 ; 72 ; -58.490000 ; 44.910000 ; 16.500000 ; 0.149700 ; 0.232900 ; 0.075700 ; 0.123600 ; 0.324600 ; 0.351900 ; 0.278900 
2007 ; 281 ; 286 ; 72 ; -55.360000 ; 46.910000 ; 5.030000 ; 0.138000 ; 0.222500 ; 0.074100 ; 0.113500 ; 0.264900 ; 0.371900 ; 0.274400 
2007 ; 289 ; 293 ; 72 ; 111.540000 ; 48.980000 ; 6.660000 ; 0.116800 ; 0.181100 ; 0.061500 ; 0.096600 ; 0.215600 ; 0.297700 ; 0.243000 
2007 ; 297 ; 302 ; 72 ; -62.330000 ; 52.300000 ; 5.810000 ; 0.099100 ; 0.146500 ; 0.048600 ; 0.081400 ; 0.234600 ; 0.262800 ; 0.203300 
2007 ; 305 ; 309 ; 72 ; 110.090000 ; 54.170000 ; 5.940000 ; 0.101900 ; 0.158400 ; 0.052300 ; 0.084700 ; 0.242400 ; 0.276100 ; 0.225200 
2007 ; 313 ; 318 ; 72 ; -59.290000 ; 57.000000 ; 6.120000 ; 0.122100 ; 0.201500 ; 0.064300 ; 0.103600 ; 0.261000 ; 0.295200 ; 0.233800 
2007 ; 321 ; 327 ; 72 ; -63.970000 ; 59.500000 ; 17.500000 ; 0.136100 ; 0.202000 ; 0.068000 ; 0.113700 ; 0.303400 ; 0.279100 ; 0.163700 
2007 ; 321 ; 327 ; 72 ; -63.970000 ; 59.500000 ; 17.500000 ; 0.136100 ; 0.202000 ; 0.068000 ; 0.113700 ; 0.303400 ; 0.279100 ; 0.163700 
2007 ; 329 ; 334 ; 74 ; -60.650000 ; 60.560000 ; 5.920000 ; 0.154900 ; 0.223500 ; 0.079000 ; 0.129000 ; 0.328200 ; 0.345000 ; 0.276600 
2007 ; 337 ; 341 ; 72 ; 111.530000 ; 61.330000 ; 6.200000 ; 0.160200 ; 0.225500 ; 0.081700 ; 0.133400 ; 0.317600 ; 0.352800 ; 0.293300 
2007 ; 345 ; 350 ; 72 ; -59.160000 ; 62.560000 ; 5.650000 ; 0.154700 ; 0.222000 ; 0.079300 ; 0.130100 ; 0.316600 ; 0.346500 ; 0.300800 
2007 ; 353 ; 359 ; 72 ; -60.240000 ; 63.280000 ; 17.240000 ; 0.104400 ; 0.164000 ; 0.055600 ; 0.092000 ; 0.201700 ; 0.267900 ; 0.191300 
2007 ; 361 ; 364 ; 72 ; 116.300000 ; 62.150000 ; 17.700000 ; 0.106400 ; 0.181700 ; 0.057300 ; 0.091500 ; 0.226900 ; 0.252000 ; 0.184700 
2008 ; 001 ; 5 ; 72 ; -58.610000 ; 64.330000 ; 44.580000 ; 0.133000 ; 0.221000 ; 0.067000 ; 0.117200 ; 0.304900 ; 0.296500 ; 0.160200 
2008 ; 009 ; 10 ; 136 ; -59.170000 ; 62.460000 ; 17.230000 ; 0.116200 ; 0.192100 ; 0.059500 ; 0.103700 ; 0.265700 ; 0.275000 ; 0.168800 
2008 ; 017 ; 17 ; 72 ; -54.740000 ; 61.070000 ; 5.650000 ; 0.109400 ; 0.203200 ; 0.055500 ; 0.098900 ; 0.275700 ; 0.247000 ; 0.150800 
2008 ; 025 ; 26 ; 72 ; -57.310000 ; 59.820000 ; 17.230000 ; 0.138300 ; 0.252800 ; 0.072300 ; 0.125700 ; 0.314900 ; 0.342100 ; 0.255700 
2008 ; 033 ; 33 ; 72 ; -56.940000 ; 57.650000 ; 5.630000 ; 0.120700 ; 0.246900 ; 0.060300 ; 0.110400 ; 0.324700 ; 0.313800 ; 0.246500 
2008 ; 041 ; 44 ; 136 ; -52.840000 ; 56.130000 ; 36.960000 ; 0.119000 ; 0.363300 ; 0.059000 ; 0.123300 ; 0.400600 ; 0.337100 ; 0.211500 
2008 ; 049 ; 56 ; 136 ; 119.490000 ; 49.860000 ; 6.220000 ; 0.098400 ; 0.256600 ; 0.049400 ; 0.094400 ; 0.273500 ; 0.226600 ; 0.122600 
2008 ; 057 ; 58 ; 72 ; -50.530000 ; 50.210000 ; 17.330000 ; 0.118300 ; 0.302500 ; 0.060000 ; 0.114400 ; 0.346100 ; 0.273000 ; 0.175000 
2008 ; 065 ; 65 ; 72 ; -49.260000 ; 47.050000 ; 6.090000 ; 0.125900 ; 0.268500 ; 0.061400 ; 0.114400 ; 0.343000 ; 0.319100 ; 0.256300 
2008 ; 073 ; 76 ; 72 ; -48.370000 ; 44.720000 ; 37.430000 ; 0.114300 ; 0.288500 ; 0.052500 ; 0.102000 ; 0.355000 ; 0.314800 ; 0.237600 
2008 ; 081 ; 88 ; 72 ; 122.260000 ; 37.500000 ; 5.420000 ; 0.097400 ; 0.229000 ; 0.047800 ; 0.085500 ; 0.281400 ; 0.271400 ; 0.214700 
2008 ; 081 ; 88 ; 72 ; 122.260000 ; 37.500000 ; 5.420000 ; 0.097400 ; 0.229000 ; 0.047800 ; 0.085500 ; 0.281400 ; 0.271400 ; 0.214700 
2008 ; 089 ; 95 ; 72 ; 128.030000 ; 34.230000 ; 16.980000 ; 0.092500 ; 0.209300 ; 0.046900 ; 0.081700 ; 0.257700 ; 0.265100 ; 0.207200 
2008 ; 097 ; 97 ; 72 ; -48.340000 ; 34.660000 ; 6.350000 ; 0.123500 ; 0.278800 ; 0.060900 ; 0.109100 ; 0.332100 ; 0.288900 ; 0.221100 
2008 ; 105 ; 106 ; 1801 ; -44.240000 ; 32.120000 ; 17.780000 ; 0.179700 ; 0.328800 ; 0.118100 ; 0.169100 ; 0.367700 ; 0.288200 ; 0.195400 
2008 ; 113 ; 120 ; 72 ; 134.550000 ; 26.270000 ; 6.010000 ; 0.172000 ; 0.299400 ; 0.087200 ; 0.150500 ; 0.362800 ; 0.377200 ; 0.301200 
2008 ; 121 ; 122 ; 72 ; -41.670000 ; 27.170000 ; 17.500000 ; 0.186100 ; 0.321600 ; 0.095900 ; 0.165300 ; 0.392300 ; 0.408800 ; 0.325200 
2008 ; 129 ; 136 ; 1545 ; 135.070000 ; 22.330000 ; 6.300000 ; 0.146600 ; 0.313700 ; 0.110200 ; 0.149500 ; 0.350500 ; 0.253100 ; 0.141700 
2008 ; 137 ; 143 ; 72 ; 136.970000 ; 20.350000 ; 17.810000 ; 0.128600 ; 0.333000 ; 0.064800 ; 0.122200 ; 0.353800 ; 0.319200 ; 0.208500 
2008 ; 145 ; 152 ; 8204 ; 143.670000 ; 20.020000 ; 6.380000 ; 0.080500 ; 0.408300 ; 0.054100 ; 0.100300 ; 0.409100 ; 0.256800 ; 0.118500 
2008 ; 153 ; 159 ; 72 ; 143.510000 ; 18.700000 ; 17.800000 ; 0.062200 ; 0.392900 ; 0.037600 ; 0.082600 ; 0.350300 ; 0.229100 ; 0.101000 
2008 ; 161 ; 161 ; 72 ; -28.790000 ; 20.360000 ; 5.540000 ; 0.107600 ; 0.413300 ; 0.057600 ; 0.114500 ; 0.419400 ; 0.310100 ; 0.177200 
2008 ; 161 ; 161 ; 72 ; -28.790000 ; 20.360000 ; 5.540000 ; 0.107600 ; 0.413300 ; 0.057600 ; 0.114500 ; 0.419400 ; 0.310100 ; 0.177200 
2008 ; 169 ; 170 ; 72 ; -26.660000 ; 21.290000 ; 17.230000 ; 0.146300 ; 0.426300 ; 0.065900 ; 0.138800 ; 0.469200 ; 0.381900 ; 0.241700 
2008 ; 177 ; 177 ; 72 ; -21.750000 ; 20.590000 ; 5.570000 ; 0.136900 ; 0.361500 ; 0.066700 ; 0.129400 ; 0.404600 ; 0.327900 ; 0.205800 
2008 ; 185 ; 186 ; 72 ; -24.830000 ; 22.250000 ; 17.240000 ; 0.200200 ; 0.376600 ; 0.088700 ; 0.168600 ; 0.437600 ; 0.407000 ; 0.276500 
2008 ; 193 ; 193 ; 72 ; -29.420000 ; 22.050000 ; 5.720000 ; 0.169700 ; 0.295600 ; 0.075700 ; 0.143700 ; 0.374000 ; 0.366700 ; 0.266500 
2008 ; 201 ; 202 ; 72 ; -27.630000 ; 24.220000 ; 17.330000 ; 0.213600 ; 0.335800 ; 0.108300 ; 0.174700 ; 0.423400 ; 0.417300 ; 0.299100 
2008 ; 209 ; 209 ; 72 ; -27.480000 ; 24.470000 ; 5.840000 ; 0.214800 ; 0.341100 ; 0.092300 ; 0.164800 ; 0.438800 ; 0.442500 ; 0.330100 
2008 ; 217 ; 218 ; 72 ; -35.050000 ; 27.080000 ; 17.410000 ; 0.231700 ; 0.360900 ; 0.101200 ; 0.177200 ; 0.463100 ; 0.461700 ; 0.334300 
2008 ; 225 ; 225 ; 72 ; -36.330000 ; 27.790000 ; 5.730000 ; 0.198600 ; 0.313300 ; 0.086100 ; 0.149700 ; 0.437000 ; 0.418600 ; 0.302800 
2008 ; 233 ; 234 ; 72 ; -40.650000 ; 30.770000 ; 17.230000 ; 0.229500 ; 0.356700 ; 0.106000 ; 0.174200 ; 0.482100 ; 0.451200 ; 0.318000 
2008 ; 241 ; 248 ; 72 ; 128.750000 ; 33.430000 ; 6.370000 ; 0.205500 ; 0.321400 ; 0.095100 ; 0.154700 ; 0.443600 ; 0.410500 ; 0.301600 
2008 ; 241 ; 248 ; 72 ; 128.750000 ; 33.430000 ; 6.370000 ; 0.205500 ; 0.321400 ; 0.095100 ; 0.154700 ; 0.443600 ; 0.410500 ; 0.301600 
2008 ; 249 ; 252 ; 73 ; -47.060000 ; 37.220000 ; 36.860000 ; 0.201000 ; 0.303100 ; 0.098600 ; 0.159400 ; 0.405100 ; 0.419000 ; 0.299200 
2008 ; 257 ; 257 ; 72 ; -51.280000 ; 36.870000 ; 5.540000 ; 0.183400 ; 0.275300 ; 0.086100 ; 0.141900 ; 0.392200 ; 0.387400 ; 0.289900 
2008 ; 265 ; 270 ; 136 ; -51.330000 ; 44.090000 ; 50.980000 ; 0.201700 ; 0.301400 ; 0.105800 ; 0.163300 ; 0.409000 ; 0.455300 ; 0.347700 
2008 ; 273 ; 280 ; 72 ; 115.410000 ; 44.330000 ; 6.470000 ; 0.184100 ; 0.269800 ; 0.095800 ; 0.148800 ; 0.363600 ; 0.398200 ; 0.324200 
2008 ; 281 ; 282 ; 72 ; -58.400000 ; 45.850000 ; 17.140000 ; 0.201300 ; 0.299300 ; 0.096700 ; 0.160800 ; 0.404200 ; 0.422400 ; 0.347600 
2008 ; 289 ; 289 ; 72 ; -57.560000 ; 47.850000 ; 5.560000 ; 0.176900 ; 0.252700 ; 0.092100 ; 0.149000 ; 0.343400 ; 0.394600 ; 0.308200 
2008 ; 297 ; 298 ; 72 ; -61.560000 ; 51.260000 ; 17.410000 ; 0.143000 ; 0.223700 ; 0.075500 ; 0.122300 ; 0.306300 ; 0.329400 ; 0.225200 
2008 ; 305 ; 312 ; 72 ; 109.590000 ; 54.970000 ; 5.670000 ; 0.147300 ; 0.237400 ; 0.077500 ; 0.126000 ; 0.318300 ; 0.349800 ; 0.266300 
2008 ; 313 ; 319 ; 72 ; 111.630000 ; 56.620000 ; 17.350000 ; 0.139600 ; 0.222100 ; 0.072700 ; 0.121100 ; 0.288300 ; 0.330800 ; 0.257600 
2008 ; 321 ; 321 ; 72 ; -62.840000 ; 57.670000 ; 6.000000 ; 0.159200 ; 0.265600 ; 0.081200 ; 0.136900 ; 0.352600 ; 0.363400 ; 0.302100 
2008 ; 321 ; 321 ; 72 ; -62.840000 ; 57.670000 ; 6.000000 ; 0.159200 ; 0.265600 ; 0.081200 ; 0.136900 ; 0.352600 ; 0.363400 ; 0.302100 
2008 ; 329 ; 330 ; 72 ; -64.070000 ; 60.050000 ; 17.500000 ; 0.109500 ; 0.161400 ; 0.057400 ; 0.091600 ; 0.249300 ; 0.291400 ; 0.233300 
2008 ; 337 ; 337 ; 72 ; -65.920000 ; 60.990000 ; 5.810000 ; 0.108000 ; 0.165500 ; 0.055300 ; 0.091000 ; 0.234300 ; 0.243300 ; 0.153500 
2008 ; 345 ; 346 ; 72 ; -64.010000 ; 62.510000 ; 17.320000 ; 0.093400 ; 0.148100 ; 0.048200 ; 0.079700 ; 0.219500 ; 0.236200 ; 0.144600 
2008 ; 353 ; 360 ; 136 ; 118.390000 ; 62.510000 ; 6.380000 ; 0.090400 ; 0.164900 ; 0.046400 ; 0.082600 ; 0.218200 ; 0.229500 ; 0.161700 
2008 ; 361 ; 365 ; 72 ; 115.610000 ; 61.510000 ; 36.980000 ; 0.074300 ; 0.146400 ; 0.035400 ; 0.063000 ; 0.208200 ; 0.183400 ; 0.106100 
